0.12777540540316118,0.03305916768929853,0.21052984420728474,0.2082073442410541,0.08600942462626114,2.1197426298064115e-06,0.06943790282895743,0.01706917124605442,0.09431330823586828,0.03644742779120959,0.039315813438226425,0.07783307054999436
0.10893253677670688,0.006020476187802594,0.32577371497651575,0.19749203317540595,0.0007815026041811556,0.05620379343431273,0.0296347602211569,0.11227699339662997,0.0023193559990653,0.043198089416193707,0.11736671902932111,2.4782707959199297e-08
0.0006265241781368955,0.008429777115688283,0.26438288667183873,0.06948686006218846,0.03757728537768295,0.28179561705117206,0.04157928116325208,0.033359952982906074,0.06777929573970239,0.09184241018585833,0.0654294213533531,0.037710688118220585
0.005610129366826424,0.023945757845797624,0.2680873032054995,0.053741557145597856,0.03549248123981485,0.29580216260263986,0.09865137084962651,0.02275965813466874,0.04972015248746687,0.06889627050791432,0.04265001225356224,0.034643144360585236
0.02120659589371863,0.00940249377827914,0.35685357845537924,0.06587141133079404,0.009563197208684484,0.2211823938963368,0.060906886327401516,0.02323447938086239,0.10804323531698566,0.07348105092322989,0.028749871398271874,0.021504806090056314
0.1149870431440386,0.09844996534409303,0.09089127283433462,0.05780270855819221,0.10379926839570512,0.10168267631639225,0.024653410665831883,0.11118318915212842,0.13631814602728345,0.06735446318167196,1.4577552470440932e-08,0.09287784180277595
0.2797795251596658,0.07837749067269498,0.11377199875968735,0.04933211790493384,0.01176755183572586,0.11121549330141998,0.08345360016057184,0.009659743792365371,0.12829092472413328,0.06318435754760288,0.040817627314840996,0.030349568826357892
0.13263783498989637,0.010899445933643868,0.09392856552155768,0.10473789845409638,0.17515993758542706,0.10302768637986662,0.006647762518246469,0.009191494866400847,0.09711089459841424,0.048587956691749,0.08301965417431598,0.13505086828638552
0.19215326147299006,0.018769423202261316,0.010941695087125117,0.17823608210818273,0.19594005348242183,0.11334279739960366,0.02978987858083961,0.01178020794052149,0.05835044280496808,0.048499342789311596,0.048194475269081286,0.09400233986269318
0.22787349813019453,0.07509888316683956,0.13920671041562743,0.012875600482881425,0.007737623399390866,0.08020148384832475,0.05002418669550035,0.02778040019196241,0.13943417716068002,0.08354683195180894,0.04242735480858808,0.11379324974820157
0.2685923246236035,0.12627177184695473,0.04439396724840082,0.08247608495990201,0.06837905550860315,0.16741420984317018,0.05503398098897751,0.01723939273676675,0.03303685081602503,0.04397825852064702,0.05398168835603428,0.03920241455091501
0.08072024155383797,0.22921727105894998,0.05028808253182472,0.11103094128603813,0.11551178019303211,0.07984472284623553,0.105023944539094,0.0032268246771440974,0.058932873204726545,0.04496622382994324,0.039371319749752144,0.08186577452942147
0.12723311989135436,0.038998963763746654,0.12205882646978854,0.07234056290716685,0.13110044875913557,0.16445567385605472,0.04720666089893686,0.01266226525380612,0.0814683025101155,0.0655574867417354,0.050738617212559074,0.0861790717356002
0.003838872094894939,0.41209862986909085,0.004244066356473365,0.016318042224084582,0.023137830404559613,0.0003430836968564252,0.4970600898664869,0.0012146121675904694,0.014864689615968466,0.0031770284358239973,0.005723530204450402,0.017979525063719876
0.052055388705028474,0.3767134635173407,0.0470632320365701,0.02113823729290347,0.0321167034614769,0.031283789440590494,0.2225810701976185,0.011823284839746762,0.11052024708771889,0.040007546538329594,0.02060457352938991,0.03409246335328637
0.25857647319877536,0.16318953359658714,0.07300380318965635,0.10758243775972504,0.0003596906096558504,0.04430505803563063,0.09547211260776615,0.015156690502682691,0.05805631428413729,0.10969322039207555,0.008955158574606164,0.06564950724870179
0.1863140118277664,0.1503005169449252,0.05784717575011057,0.11140877758037647,0.07589671016779248,0.07766192410629262,0.0786033721552725,0.011374138623546678,0.019068089110653837,0.026184305666325406,0.08602883551032431,0.11931214255661347
0.09396147641265358,0.03236743759147619,0.10916659226750056,0.0397552458504083,0.21285524219863322,0.1176271460181201,0.02920974900298739,0.019469400042113307,0.16672995735241852,0.05957761359174069,0.04327563554183457,0.07600450413011363
0.11305026704873276,0.12766072130381592,0.11533967101830395,0.05633090015607236,0.04225560594326483,0.1494561505929391,0.11622898434735378,0.016651179240205986,0.06347677323637547,0.05808525341684196,0.05934884620384935,0.08211564749224443
0.06843557446652747,0.15861931127932372,0.08416114629421736,0.12438186627855655,0.1935062134527197,0.07459958002229299,6.798853739020677e-30,0.008895410972006993,0.03769012043894105,0.06748369720731236,0.06895490223278086,0.11327217735532094
0.06115754086821924,0.032160107993153615,0.015003066032279747,0.10568926243908403,0.1594666929984328,0.12873677100417905,0.014242554145201449,0.016289901261227008,0.2657076628879065,0.09138257963484421,0.04651707417143954,0.06364678656403286
0.13273462928595547,0.02524755979240599,0.006006009562875423,0.19300859425158165,0.20490448273635717,0.15121376526321212,0.017559472897682032,0.017299312734550897,0.05753878976001412,0.07096275408805935,0.06908461809857463,0.054440011528730986
0.019713007845188608,0.3232872491647342,0.038249146569379194,0.10317322065191273,0.1504823180720464,0.08296830135856713,0.019910698639181483,0.008261112101407403,0.06969036465258743,0.02550056301559567,0.05474825853302154,0.10401575939637817
0.07654450837756349,0.0580692018369709,0.02773910916205567,0.19346557360383643,0.18631918357478952,0.15006831642897675,0.028777049625653313,0.02442000783917485,0.07963839011334926,0.05232004081755175,0.0637787865967818,0.058859832023296324
0.2171482777015757,0.03642645069141253,0.10471311709233307,0.0949036746211016,0.12375455791168474,0.04941375931005488,0.015564389536966223,0.015223130627781427,0.1119564075373629,0.10018279311483053,0.0669110302166786,0.06380241163821793
0.1759164896163972,0.05555585828671249,0.01603772417233624,0.13446547279696172,0.22732597081702924,0.15341841188258712,0.016132678720360217,0.009447743702362519,0.0738134129470598,0.053611335759336014,0.02400380896725702,0.06027109233160039
0.11958541141807372,0.03284349795747921,0.033199708732583225,0.14538803155156554,0.17864267974761916,0.1473593379343128,0.05205362418069579,0.022204261330134957,0.06739506920125231,0.02537457639610353,0.09324219193396538,0.08271160961621427
0.0770033523834166,0.007269577760176756,0.03275804117473276,0.008959171686184595,1.6207051780156522e-12,0.04820666320092194,7.941121080639869e-08,0.06839529143683339,0.014417205129415698,0.09704756245290015,0.6459397246430473,3.3307195393045934e-06
0.1349525983823098,0.054113387681158885,0.024444677520116302,0.18990236346304934,0.12933518469819152,0.0848392448797482,0.007806718792033151,0.019871745472296393,0.11646923331582026,8.023200372603666e-06,0.10494635957293094,0.13331046302197266
0.03366641833253434,0.016223287545989628,0.20695795216651353,0.06532008797225713,0.08611034812576357,0.2779457433271468,0.03873776945550682,0.023945078493381258,0.053549983171963876,0.08748540590593998,0.04051847458308383,0.06953945091991921
0.23553007213502547,0.239071433972551,0.037623729568684774,0.029360839561727595,0.023903904204541464,0.06938590740932968,0.07826247023394596,0.021150258814793793,0.11121200750657033,0.0443712325682742,0.05463444578645894,0.05549369823809675
0.2668120077269582,0.12638569302005043,0.07797862460038442,0.005538968959896634,0.0671217165753516,0.09321474652757855,0.08826516463455622,0.014079636724932967,0.08193890567342321,0.04103345097500852,0.06277748303465437,0.07485360154720475
0.0013001142652403277,1.2188362595695855e-05,0.13954208358130682,0.253449352371163,0.21588271624105157,0.019591509643047712,0.005664798279623701,0.010717639054191437,0.08526709946558134,0.00013644631723918992,0.15756347486829414,0.11087257755066497
0.03653641294772688,0.2984059631388261,0.018431217574149113,0.01512301279766079,0.021216863058719497,0.012882829437640493,0.5139061741540472,0.00429077918786151,0.03547610270118104,0.01595217684379422,0.012410488817397368,0.015367979340995904
0.211921548359142,0.01718735817663207,0.08765276469440837,0.15165991146525248,0.09585650086841535,0.09561497265859671,0.034582114435280815,0.017557733915060325,0.04404120174721746,0.08901250560841108,0.049438378474411994,0.10547500959717142
0.19732371334614116,0.034055027082537916,0.010437120555642377,0.12504587772830156,0.20075746379426382,0.112174198429835,1.3755070477500298e-22,0.009214178654803177,0.1355650012736088,0.07798504803066073,0.03586867119562237,0.061573699908583204
0.1721296244655687,0.04469497434192654,0.025793428093580366,0.08595593652879749,0.16529293812956558,0.08946643889578923,0.019376675252412438,0.007352533514191048,0.13789528816123875,0.09193409644149407,0.047721103639873044,0.11238696253556274
0.006687194964058684,0.32609286646699254,0.04543434874282511,0.002458480227397961,0.015349736339472503,0.05322154596974081,0.44983564015613076,0.0075731452597195825,0.04435482585962079,0.023788953908989597,0.012025951046599596,0.013177311058451994
0.15984406062953815,0.07625551636903653,0.0760957812593336,0.15597981726436705,0.13587167197035088,0.024281117996685253,0.02177628188444259,0.015637390249094576,0.08716936557786238,0.023825084105744784,0.08184766945247829,0.14141624324106591
0.04757059576299449,0.04142074192364701,0.06081884308436443,0.21685381776859602,0.135590280669435,0.08815486465170011,0.008636819086076665,0.021799645805033328,0.09144052555163605,0.0423664901248411,0.10923292102374595,0.13611445454792975
0.15994770364102606,0.009941070447969786,0.06538082820421,0.15560917979296518,0.0899543807453499,0.12774595847956527,0.026971883227723068,0.03343861559383081,0.08785658130039656,0.056389159642740314,0.0743806949338286,0.1123839439903944
0.10959126717503978,0.07171305372478927,0.1016054660140401,0.15241210532458865,0.1885078746091211,0.009100714544367759,0.06154840214687352,0.02383870579889303,0.08841699638985229,0.007963510448414613,0.07493668357804449,0.11036522024597527
0.07152657327261656,0.028039549992850597,0.03843040004074487,0.17123717917086992,0.1769000585551523,0.20000294279973266,0.021533461621798144,0.023237336556052885,0.03802299738277131,0.04088733489907065,0.06068687626884161,0.12949528943949845
0.153056125937218,0.16680558142227883,0.10162429383548797,0.07282984653635961,0.10331613559105089,0.08504028671041065,0.048846921109542904,0.009787906882250041,0.04065217397948467,0.04550718914263339,0.0648884809925281,0.10764505786075493
0.17391826789373457,0.03687641224666146,0.09516313459614306,0.046254068169433615,0.11055153972002262,0.1583696703796544,0.05100536773957698,0.01704273765477881,0.10385616952421735,0.054106408153097786,0.0357372455790141,0.11711897834366523
0.008659321929059374,3.823932358479578e-16,5.1102805112075385e-06,0.2138611765535218,0.21849713257393,0.17444094314372088,0.014792793533800495,0.02608720763237819,0.08431281719079053,1.1258012904406782e-05,0.1059418915266105,0.1533903476227723
0.03869573100606968,0.020751878007068496,0.0012348666835392248,0.3194105837705237,0.1175638039576835,0.13914500932783477,0.0149089462575626,0.01894032689508645,0.04647837501654422,0.031177923624839326,0.12439190365084836,0.12730065180239958
0.14420185013629297,0.03262419060741766,0.03143548361496249,0.037777770241091226,0.16965049833927678,0.091676894313103,0.023653197896060595,0.016944346013600817,0.2977632344676519,0.11222579262795082,0.00889075023239965,0.03315599151019217
0.0678208479309871,0.0294946001689257,0.033329248936528576,0.13960079627890778,0.40500669718367643,0.11895658005159072,0.017283245702066113,0.009536597920002015,0.06694258688803845,0.008236465732102547,0.020191515800037498,0.08360081740713723
0.103961874642254,0.03138389610974007,0.06811867836794107,0.07335072412297439,0.13748318069447024,0.14139577350740437,0.0159466948982481,0.101434386372476,0.12882373737435046,0.0809826858474405,0.035677866299693446,0.08144050176300732
0.09915135882548783,0.03560892460206164,0.05015144307800106,0.13083431009353907,0.17839014788375515,0.12858523146733275,0.025703065438504178,0.01573086019539911,0.11033925093633827,0.05015754940880966,0.07532715719856396,0.1000207008722072
0.06819919431317073,0.06108085914952493,0.06879639108465993,0.03257579202315321,0.1623748557983847,0.1595285316631728,0.06182254364402978,0.02110732184352981,0.18636738642230805,0.061170707754343655,0.03257101082001136,0.08440540548371114
0.2512587962905676,0.019332016591296408,0.15864382021192286,0.1004426557570983,0.06571560844439464,0.14728756197461218,0.02655664057508872,0.01975685346379007,0.05495756997479063,0.036690504946406396,0.059369153033472975,0.05998881873655917
0.19830077264997345,0.07518541146059582,0.06273957278565316,0.03097531820517129,0.16341975809097578,0.0983393700503291,0.027739736142039506,0.012580789448275294,0.12062369434846329,0.03400040563917676,0.07663564601864081,0.09945952516070572
0.14042293860279495,0.046675280262729046,0.009564675415938547,0.2637152868380911,0.1309239290737636,0.083033370949687,0.018623594103704216,0.009182774978067488,0.058221326035332754,0.08108243082546243,0.056344243015735214,0.10221014989869358
0.25383223956300877,0.03210236111256207,0.08447591757350088,0.13856241052591012,0.10976390020380947,0.08036912464665222,0.037744357744853005,0.013261413091171919,0.08261265515874462,0.07020757679491199,0.028624734774775056,0.06844330881009983
0.04794531016480407,0.22352339859607198,0.06239114406068905,0.03764603323175024,0.07268528103289021,0.030653306954212558,0.3439064796510226,0.009340495070927976,0.0816972612745978,0.016125470232426355,0.02730398773095378,0.04678183199965327
0.050241183210408324,0.21384769113159904,0.0932317001709604,0.061965312348054996,0.04515448684634882,0.07451132565015707,0.32102522820793655,0.014815797969571718,0.04014087420030897,0.03639293538919737,0.026931662484505733,0.021741802390950873
0.24417882798474944,0.0261141462756992,0.04943551226937962,0.04718960348481051,0.07847387013546014,0.1512737551763914,0.012699329354523782,0.013776169126895669,0.08646608572699777,0.0914906391984022,0.10022146990761843,0.09868059135907187
0.3115387455605433,0.058189130079125316,0.03483549802011426,0.009782959160491073,0.015409875847363887,0.14207226960647512,0.06461753007913497,0.024026924469340044,0.2196842413089577,0.08657820239206662,0.017158895423232418,0.016105728053155462
0.05314440521286413,0.0557184308332554,0.2106133626517771,0.058945014091529184,0.020646315883385693,0.2118524836473121,0.14054922413301013,0.022258654142649034,0.06917762025604621,0.064318105875021,0.03371378421762477,0.05906259905552527
0.16164609722838916,0.024813971335404427,0.14626544330534952,0.07308062772662992,0.0728332497384969,0.1670699128627733,0.029574507710577246,0.022661327420642335,0.08078449676377222,0.045195905031468656,0.0702558834698147,0.10581857740668163
0.048346193231186885,0.0019146750595021099,0.02576388093052383,0.21671972830620934,0.20978666776291788,0.1396728803545242,0.014821797550264642,0.02467619175269145,0.08034177691356245,0.05910593335482134,0.07233384059241832,0.10651643419137762
0.19771328037749802,0.07207197042138772,0.12339235324072494,0.006728901256809912,0.015943167089540224,0.1659787781231891,0.05839863930810314,0.01411227121163587,0.1561154684750774,0.09572426216872358,0.041888501094069545,0.05193240723324047
2.7366417090981817e-05,0.012375575991554047,0.3609475740560164,0.04359478075454088,0.05924023951516802,0.20766497850863094,0.052012037926393036,0.030745554198858126,0.07778119680360542,0.061140355494479146,0.0475112857779821,0.046959054555680925
0.061373189083680016,2.6054099574553346e-09,0.37995173115034325,0.036872962618418915,0.0003425958564181442,0.07305319845039093,0.27758896103909114,0.022137001562220548,0.016301994216421443,0.030970919736315078,0.09065035732548514,0.010757086355805306
0.041005813936819555,0.029122694783027554,0.35329715678105783,0.07828643512007824,0.020751220697141998,0.12171721848387218,0.13197025725765024,0.03305947578318636,0.048674159226134585,0.0390948197762868,0.04525016725798273,0.05777058089676202
0.06616054616384909,0.019730026645503707,0.1516482547083414,0.08741590272363259,0.21838733225127085,0.04715058908139508,0.02082729654601289,0.020108375922128153,0.18617147415368146,0.07062376102084096,0.052002377221323955,0.05977406356201993
0.07293734285295467,0.033359283755008,0.19330538707458,0.15950818810222733,0.0828253996848882,0.049535348349268545,0.015497103909298822,0.10214309085831602,0.07358111604142305,0.05363021849451348,0.061952378694480274,0.10172514218304166
0.023103240782717676,0.011679750994131995,0.35505818207558837,0.17309422834859078,0.07150245602513094,0.07810154061618099,0.06359699795507737,0.026216217493411523,0.060717187506427864,0.04267643463254612,0.04299594625588591,0.051257817314310464
0.11619557337999815,0.1320104832061491,0.024048549935786062,0.21215721856988295,0.19923909243204618,0.11828081456978891,0.012917758765014688,0.008709745658254341,0.052664916876293516,0.02395992449853796,0.035130304566598436,0.06468561754164977
0.02220258310779482,0.015246953820470328,0.30283311831463944,0.07018200159554065,0.0415807254663494,0.1661440079130552,0.22763147235473224,0.023552044969549758,0.042402331932998014,0.01008200292861108,0.036637691511371306,0.04150506608488777
0.09526589901831,0.04641835567566215,0.034147544813689264,0.025050978031666896,0.23535308233851496,0.06505304431627432,0.0036373882902626027,0.008569333509002049,0.3054138298193377,0.08126853911073277,0.0525398229844523,0.04728218209209504
0.17922206152550524,0.08429967491644089,0.09873633121639308,0.18464363201275727,2.1853535831453115e-08,0.06243187832532776,0.026465692685470492,0.03246116270037376,0.08615734383283372,0.0848486406351521,0.07034534370586407,0.09038821659034574
0.14775937309947768,0.0919257355437973,0.010258453539037121,0.1687773876732313,0.10670226276470665,0.08745601608465503,0.029296967411058434,0.023371780264107654,0.09540958078951371,0.07785668699277312,0.06946634872332808,0.09171940711431403
0.09870558616139599,0.03508428022107134,0.10686730434858283,0.27507036560498743,0.09164297576220067,0.05725658144384639,0.03460866676178639,0.030521179809115066,0.05492089046827564,0.023328785641627575,0.09423234156348792,0.0977610422136227
0.16385094494516356,0.050947624469075165,0.0784603285694789,0.1852195999826368,0.04907361901753265,0.0741899547377687,0.08485286117742959,0.025365011514551148,0.04481108995195452,0.0307169983952885,0.10544115923128251,0.10707080800783796
0.29397174517091856,0.0174376142991539,1.4346077246348035e-07,0.28315180197516904,0.007715268975325681,0.11780343178730575,0.00069260576191766,0.00961996485404116,0.07184806074890894,0.11176125656273557,0.025111147257562607,0.06088695914618887
0.21437409417927514,0.050933245207861286,0.08807862782435102,0.0635691408509386,0.16628698907053857,0.10182095911421725,0.025455948933269176,0.017282914366516765,0.06352337929152556,0.045221158259889316,0.05679213181798574,0.10666141108363154
0.03554982136916859,0.12513236902953193,0.021584384542346135,0.17103779905284097,0.09806972124232181,0.09908721635803064,0.1741432668496213,0.008152878284810242,0.08119990314166119,0.024160170991518883,0.06576588539815227,0.09611658373999601
0.026775707529897295,0.022371956232378403,0.07645711977401645,0.22079364272905633,0.18390418780467402,0.10790333115529702,0.033858249724236775,0.022320162836582554,0.08755270220690592,0.04058092435503071,0.05104921524691607,0.1264328004050085
0.203124842565318,0.009964469436132857,0.11099445592231211,0.26667360976247145,0.07078726264903296,0.07732222494790215,0.02059023463465246,0.019744097221263458,0.02277199153263784,0.11282776697801523,0.046957484166067036,0.038241560184194494
0.07107988807753898,0.0962223433847685,0.1459001839797808,0.1095345145716607,0.06264918406049283,0.017693465221880787,0.3785086355233724,0.013554409965894416,0.0064030739008900306,0.018433389006678257,0.04163444565714282,0.03838646664989926
0.20197812917103192,0.13191342434520872,0.1220047395646291,0.1020185323371412,0.0102361180851016,0.07412740676851515,0.1338774382969694,0.02425336453410868,0.038750495931347106,0.06467646620080642,0.06938398120548599,0.026779903559654587
0.16882207744584424,0.03950241294182572,0.0997040125213886,0.11210299494316901,0.09241072114092491,0.09664643524443353,0.05242958857612783,0.029204708489197647,0.11453808244803311,0.04722156301017432,0.053842930137611864,0.09357447310126928
0.014023383368806498,0.20136468044564254,0.06807450572038293,0.04265098155563734,0.10960347299778608,0.0836557859326046,0.09623838493704759,0.010796202028455394,0.24793680558997888,0.04944161324348605,0.007078895760264787,0.06913528841990736
0.22780460938920025,0.08057017549265746,0.08110551131108515,0.059979194662640886,0.0568392525982045,0.05239042640295763,0.12268399888591507,0.0195837900560036,0.11235256446618515,0.10764553719384479,0.05734502967901341,0.021699909862292154
0.14713626080312678,0.05738846533130921,0.1660632406605325,0.1609584604990219,0.17496142785960622,0.004662082571390573,0.06625352873702632,0.016020957457927993,0.05805959520855803,0.0664170624174824,0.022118534279481915,0.0599603841745362
0.06559760623376126,0.15922548022078536,0.051655369163902315,0.06276804634856722,0.23043974005867568,0.0669552367517903,0.05314945849689932,0.01329023859135906,0.13938126051135943,0.047774822392137685,0.02684569722000471,0.08291704401075772
0.03912254862778449,0.015174223357907484,0.34677659148889584,0.05338930898740839,0.02806813293232529,0.17860337174236057,0.10817093021063932,0.04758523759649355,0.045308035526806366,0.06368393060093314,0.030560669929975737,0.04355701899846982
0.004206897490773793,0.04198666015282399,0.2944077175377116,0.04923114504797764,0.017781424133934937,1.7685989373071162e-08,0.06216348509313043,0.02501304989706962,0.03519911184080923,0.044504122810994695,0.053774749499914794,0.3717316188088699
0.09839736597673024,0.024527304813819182,0.20053473616187273,0.13063587467956678,0.07613788051615714,0.06366473112091375,0.08625617960795433,0.023713867723409734,0.14344395983227373,0.04513740396301353,0.04817343471387288,0.059377260890416055
0.0026732107244376363,0.09264758625500995,0.20178478104168024,0.06237117765113822,0.02996288865615953,0.10544100108603358,0.35789546209678014,0.02055483935322469,0.03185526208995216,0.04200732433517302,0.024444696516729893,0.02836177019368098
0.23698369573778116,0.05821607424047104,0.05710846411227497,0.05770634007049715,0.08972917962186407,0.1089077802893554,0.010631225225103819,0.015755817321717464,0.10822442826328037,0.08197982478148025,0.10728235766691853,0.06747481266925591
0.35949675557528554,0.019686264868665572,0.06915457385184347,0.08283629280011075,0.09220169136507653,0.09783120886655168,0.01543604516444114,0.021367909956833662,0.05846069384373914,0.11333920383497674,0.018016430405128778,0.052172929467347084
0.08808698976663994,0.15602128822232827,0.09267364201516143,0.07071302324277151,0.15973236239044553,0.1288869349927924,0.004940069101131112,0.013859059927704791,0.06485835548029578,0.05732301790180219,0.05328831348296175,0.10961694347596518
0.06985356850250225,0.34365078617755035,0.04402934190569778,0.020067578890861658,0.09351027326459875,0.08629928691123025,0.16567759788056752,0.015753826929323006,0.05812312166293977,0.016067298722132587,0.040160612493311425,0.04680670665928472
0.17363937533867682,0.015614296867418642,0.0343434094605761,0.12606342267104992,0.1927286850361149,0.1339614107005165,0.01595964326538045,0.01793918593534447,0.04824413695131524,0.05633986531279768,0.0700848053021529,0.11508176315865644
0.059804581204752676,0.005407370844089821,0.39201545986077596,0.07052476625262176,0.019462601857367777,0.1310587505417235,0.04320734000364501,0.040483295052477344,0.07945261221035992,0.022905221058265337,0.10545748584109046,0.030220515272830414
0.11376468201061221,0.010820890755016141,0.13864274750865913,0.16744998728076255,0.12585660648085095,0.03607978219044053,0.021059002246129964,0.035504219477255815,0.0846337031546841,0.024442942290259256,0.13821901706936818,0.10352641953596127
0.19379988457131364,0.026733731950979927,0.0007443359012229786,0.11960688256492828,0.15250418263383023,0.15031370485963233,0.018841714947602815,0.016961566646231996,0.06491223090713844,0.0665729340258543,0.07068393726288207,0.11832489372838308
0.07772540128733921,0.16039118786636275,0.0959801098158063,0.08220389684950627,0.10025662028862532,0.04409780592979348,0.29135803805632593,0.017565247413982493,0.036129369016966846,0.04344850197583453,0.011615859847194593,0.039227961652262236
0.23779455491401646,0.06671605792227389,0.05114326189801712,0.2829773333020288,0.0930393311840528,0.06932560888305098,0.02086124102986428,0.014439658741460115,0.02159393049624669,0.05382790986155868,0.0435859818586642,0.04469512990876609
0.045569323630684236,0.01882494827593674,0.09383526050184952,0.20035986283608456,0.2219302553658704,0.11621772389163795,0.022534047691372894,0.019531236673066745,0.042245084556129006,0.016827474350829312,0.10146291667105482,0.10066186555548401
0.07629411843516223,0.05417529736384361,0.06918490562370586,0.16950918439505058,0.20158371991472743,0.07799902628161332,0.012668032036252727,0.01453733299727363,0.16423984989856225,0.056116665432141735,0.0280946347986051,0.07559723282306174
0.1964820527215785,0.034266292330129525,0.11679701895919894,0.029803568922829544,0.13328343110930194,0.15322298455531771,0.048211895234348094,0.023998116646973145,0.10072429553578732,0.08512467441153443,0.008309280122813158,0.06977638945018766
0.007398606935048684,0.16062314577153636,0.10345854768303504,0.047241940470841334,0.027884318656616138,0.010329828471577419,0.5148415539289396,0.011354615246528725,0.07024716641273988,0.020694563220526846,0.006259380049559403,0.01966633315305049
0.2198531093086895,0.04882001561414832,0.03970554231618888,0.11120333771706037,0.11970151120273516,0.14428586080620287,0.007754714710378039,0.03196897183149271,0.03511848098334874,0.0133310739416623,0.10324361200048238,0.12501376956761082
0.12635636966318592,8.954526191024197e-08,0.02398518536941655,0.17323159207109304,0.16378609278009257,0.1084912802697937,0.024798672672972925,0.008453584348311925,0.10312209682244239,0.07356296595268985,0.10086892641114906,0.09334314409359008
0.061236374524992865,0.026047866713709348,0.0742391240943695,0.22353953394511727,0.1469586594228989,0.06768835331627715,0.03761823314841869,0.030528708197877362,0.06703339508457619,0.0238627224219924,0.1073880256280028,0.13385900350176755
0.1168643357308365,0.014444626628171222,0.19569192475433503,0.1499170929879627,0.08517362180979784,0.030114875825739292,0.05866843407419582,0.031848897234530285,0.14695059151424958,0.06048050134162037,0.02624424799096436,0.08360085010759694
0.18728359508418957,0.08880719155047577,0.07624571042218656,0.1437595067633523,0.06865845328333892,0.021093058716876494,0.09971455862011477,0.025843831085715103,0.1274432047869482,0.08641524263473715,0.026046781456419824,0.048688865595645496
0.0001156606197154409,0.433910637406592,0.011126923704193466,0.0003706783186584205,0.00909186152526771,0.00400302129635232,0.48650461498086495,0.0018013061349600845,0.03623749894430124,0.006407122964033157,1.6537423016012736e-05,0.010414136682045043
0.0035332848912210603,0.008876918864798963,0.050502846419866416,0.1924199095830589,0.21492752222451675,0.18883466501610616,0.0545026412158787,0.02079404460959131,0.09254761914511123,1.7158045687712104e-06,0.06589781672790136,0.10716101549738023
0.24013092001661815,0.04064478279345636,0.08427052317082868,0.050229884672983026,0.06531903326897223,0.0902204549601068,0.028097726933271058,0.01629168407275302,0.20936566064908294,0.10801728164449281,0.01707357839934408,0.05033846941809091
0.1639196834786126,0.08007939983471452,0.062105584954165856,0.0471967795666812,0.10787963914637654,0.1119667922727224,0.09163064133643366,0.024787254347051847,0.08721441455270722,0.08021218361548421,0.08427025380527567,0.05873737308977438
0.09273598312281109,0.1831974097054246,0.029863710328676074,0.05795558547702358,0.10777345552437714,0.07990383246928094,0.26871588223062354,0.023140471081838858,0.003163363569676511,0.03720233559505758,0.06860312050004834,0.047744850395161735
0.07721516614352116,0.25017372622462875,0.05589528574078058,0.07363531976792416,0.027007177748704595,0.041866788383830074,0.39698044238658714,0.006991108431808108,0.00732786578337738,0.02031146792845782,0.024870823992569378,0.0177248274678111
0.13423294840387445,0.10691927051665696,0.06020423852666557,0.1743800630742953,0.13556494421496867,0.05694015207092615,0.03906157426590359,0.01935016037579245,0.0643838272944595,0.00279278716285151,0.10360225739413732,0.10256777669946851
0.13723242447444614,0.03034930436992251,0.03905691638205995,0.25543087555915744,0.1484440668340763,0.1326034356484834,0.014786251917261305,0.014104413035124972,0.004538402287503232,0.0661600825067422,0.05572953194520993,0.1015642950400127
0.27672414791787897,0.030081572843970217,0.11436386154805485,0.019467946155541406,0.07852511894596499,0.09091569898511298,0.037227057755343546,0.017376636458722162,0.1240586324742017,0.06221838761168326,0.07978766656838596,0.06925327273513995
0.18639019183702032,0.025733811088678175,0.13524661201878888,0.06015645415605596,0.11873720795064802,0.08155911110643257,0.006413992857162074,0.009182169513665342,0.23830723533751924,0.1029542027160413,0.007333488755135594,0.027985522662852508
0.04608045101098318,0.36408861290231004,0.04830511550883208,0.09781665804757632,0.0992902569847408,0.03766631435506241,0.10288095557798047,0.008683509634088947,0.05739705508793871,0.004427785007406052,0.05488906977968251,0.07847421610339841
0.10954703524368829,0.03850263864420109,0.035443957596688135,4.177254724538213e-05,0.06645895601022309,0.20122042629762804,0.033260912679642145,0.25113215066819194,0.13085280157901813,0.09049079610577132,0.0012254071793790337,0.04182314544832336
0.29801365883181297,0.011364265333413464,0.08565982821403632,0.13082473161050737,0.07468236473638361,0.12344905859910696,0.03595949830587567,0.023524946714455146,0.007012795525990617,0.12124773035183424,0.03678662792238741,0.05147449385419626
0.05681865657240266,0.00770435685112121,0.4380021473151228,0.08021041114268984,0.01324066633709352,0.11098428629316823,0.07825275280575109,0.036032417658032494,0.018296379989525116,0.049410934844764644,0.09295486731494881,0.018092122875379476
0.07886383418165137,0.1589343382126667,0.03381354752726281,0.09220593719001212,0.16784423455602984,0.10305465581977398,0.033748453810986595,0.017888531480501044,0.048871420193563074,0.06620934621635725,0.09249794128963841,0.1060677595215567
0.09169679676249351,0.15428549878620038,0.08556155927788514,0.03876316624705252,0.08313111746603409,0.13722246920615117,0.18008618489900546,0.017707212351857304,0.07104893598121158,0.039775154889746506,0.027265635893639444,0.07345626823872296
0.1992438630729742,0.06670090003625559,0.038727793761489375,0.09552526153281331,0.050402897151260735,0.09987318566791296,0.046048935229403065,0.01656108809929057,0.15721131663273363,0.029465391777215435,0.10557377664511981,0.09466559039353124
0.1456015032640749,0.029043550332053383,0.08758465006802582,0.01943634122681625,0.089048626375098,0.14621054231502884,0.020620913656492386,0.07159345574634425,0.11571136075160028,0.05485205711274148,0.08350381952424137,0.13679317962748302
0.04124431369764305,0.2852371319053994,0.038646620844459266,0.046898121690004985,0.032898713719608036,0.04538799212201553,0.437994297910729,0.00565614856613534,0.013606698996047618,0.030635631398572147,0.00034540465950396246,0.0214489244898816
0.28639198296310486,0.009827915132581177,0.09531435529951562,0.11527635582461038,0.03827541222570741,0.07791486963820346,0.03395239616549909,0.02316789640283616,0.07932192411081229,0.03282365738257808,0.15578313662608934,0.05195009822846195
0.1031857791300044,0.03581233928555287,0.014549495769957897,0.21399126414817077,0.15339663686974936,0.15298551017121484,0.021998419723103905,0.01290163435517266,0.01929299977184071,0.05326587309542503,0.10133984785677352,0.11728019982303398
0.0012718261219319682,0.015875786620930477,0.026288371577802686,0.2375537477236519,0.2125833712534767,0.11919236204349261,0.025731161174120127,0.02151636102450541,0.10133228048828823,0.060486330008071944,0.07388787345017922,0.10428052851354902
0.2577419239645768,0.22081472119498477,0.08626179512547309,0.031764817517917,0.04579057769191891,0.03198946760811788,0.10856753574717543,0.024685575351086838,0.06753253127296413,0.019977933283819478,0.05636313489941411,0.04850998634255162
0.11968070792301187,0.012232824131795304,0.0976471096467189,0.20502520838140392,0.07466433695275765,0.10032239458053431,0.013938914296877596,0.026704661915801564,0.06218451168219458,0.006277758021302519,0.130892186588607,0.15042938587899482
0.10277313116049759,0.040517174805497755,0.14768400400462814,0.03197420664840175,0.026981319699090855,0.30602126816493713,0.13292361445334952,0.023269868185747146,0.03389103021967033,0.08033111943374677,0.03114303636252134,0.042490226861911694
0.0932677060067766,0.030835824381780834,0.008213677651363159,0.2263558589511233,0.11257559440209941,0.07672371996477408,0.017903919075678554,0.015278983762098656,0.12271286275796044,0.025224534647700858,0.09156094521995047,0.17934637317869354
0.18112152069624948,0.020264081256013936,7.317583509953557e-08,0.12451066730991785,0.13842176808891923,0.17283663552283118,0.017377545790113042,0.028403301111245026,0.08520231817576504,5.197050397708467e-06,0.10484144055453117,0.12701545126818112
0.1869711935720333,0.04569551375352561,0.037295525928321124,0.10092686142403848,0.1427080314999294,0.23352509459499543,0.01764583665178804,0.029192446331498614,0.03745558500857138,0.0412892078164588,0.056079821348372284,0.07121488207046762
0.2241320180044281,0.0445840626494461,0.1550969263943596,0.07291818626247269,4.645148756182868e-07,0.15300657300694032,0.07904803086764378,0.02780100156263862,0.06938193215866056,0.047542901571708,0.0824016232036371,0.044086279803189424
0.01235578351480361,0.03817744556302433,0.060156593662265986,0.004939023982512475,0.17820263528513886,0.05908455811431687,0.018702966406523313,0.009580387387636535,0.45440277323269807,0.055987591522922896,0.009164070697569873,0.099246170630587
0.04843601482738252,0.40618188000771255,0.003729519488002256,0.06675834224557947,0.059052227364376014,0.06408540940306084,0.2090374185128712,0.015052076070027644,0.023671815920229457,0.015078055747318202,0.026989457220373526,0.06192778319306643
0.1098747322990465,0.09898689127945952,0.05286828723096155,0.13716056971874405,0.111267553275,0.13085283825228006,0.029223171971116423,0.020068111663170983,0.09887141831809852,0.06731457141598012,0.029030321608597916,0.11448153296754422
0.29929335839462357,0.01747355542410396,0.05401957360076856,0.10730695474508123,0.11399774792126958,0.07495445370959804,0.01589555535329972,0.014752615668949717,0.03278521326339427,0.056641558404708844,0.11355509759523134,0.09932431591897113
0.14080202056919697,0.050790802041880655,0.05031521069192022,0.13201833290180134,0.14419691301034293,0.07640828647589717,0.018336427487681835,0.025628404499875936,0.21305230496439415,0.03745625935302698,0.039107355841468426,0.07188768216251337
0.043478869707853404,0.03580467561859333,0.27161190152063147,0.03654762814600516,0.002378358958657188,0.1952061279805961,0.11884571851957759,0.028866112860151148,0.07915388693440355,0.041214238000396516,0.03590770880179547,0.11098477295133909
0.12140329527199056,0.019961917377760485,0.054212803679913775,0.1519920643426895,0.10484033388194668,0.09737776833672265,0.021380016701936542,0.03486685136301403,0.08962179675382978,0.058484711463289714,0.09870253362690835,0.14715590719999783
0.11441348249728481,0.3266863691475136,0.02878318567842589,0.06216870523001819,0.09394568649180851,0.09804002568082053,0.09469938217681531,0.008221646950146981,0.02129501787268643,0.01601110886187998,0.06085172837360921,0.0748836610389905
0.1300719893153848,0.06310418717283027,0.05786158911376787,0.09764199051135218,0.1702400348563917,0.14252649232134534,0.06630859836477271,0.01746129082350811,0.07280389755169855,0.01689530959739337,0.08700398719478866,0.07808063317676645
0.2681832516776014,0.035757297604785944,0.1462293832171674,0.0627383468107116,0.0077814693892245355,0.08877141221320771,0.06640600085168984,0.031014074813212927,0.10914164918846045,0.11828951245090315,0.038709379455871364,0.02697822232716364
0.040215875159607554,0.0500609417367303,0.06811796381566654,0.21785438239257063,0.2235385916345983,0.0005055317953533196,3.5376154802962483e-09,0.011438999484939191,0.18265668826963072,0.0007870569359546913,0.07196347254648099,0.13286049269085215
0.023900095632698435,0.020230827633689656,0.17923055602493912,0.07346784785752039,0.06615314204284788,0.24634368051432876,0.05053298309729991,0.03155174574023224,0.09705000115115531,0.05396169394128107,0.06413680701254586,0.09344061935146154
0.2552916265317841,0.022086257749715236,0.029347707509081285,0.13766076781795614,0.0450100077325638,0.16969486861319424,0.01572647789954813,0.020399491983585705,0.0739854355235975,0.036667590164874836,0.09488441690622693,0.09924535156787193
0.11140669841000095,0.022565427633644296,0.01517708038164582,0.17695814169568552,0.1403919340450308,0.09301384365831998,0.034192950875208315,0.016036646784599613,0.0912358233202914,0.03497562516218517,0.11809800031997236,0.14594782771341575
0.11117352359424788,0.21750661737468469,0.15175626836963113,0.04592264711206436,0.013930030421443106,0.04653413326172121,0.22832844747805042,0.02816700270918731,0.04735923723588532,0.03726285384983003,0.056515259808967676,0.01554397878428683
0.10400620233884346,0.0500066563830761,0.10570646000768348,0.12220218366805871,0.11113356155178632,0.1621563110827097,0.0662507126923717,0.022407115774066247,0.08144780710216618,0.0863211648913878,0.018932085757631403,0.06942973875021882
0.05073514454125318,0.007180454915952251,0.08456117992833126,0.13800320007118463,0.26929848986098953,0.0822312727310874,0.01342695582341869,0.024943238930826724,0.14716443001238305,0.042088882834159694,0.050035707679646026,0.09033104267076764
0.06832738432148043,0.07156067146408396,0.05126361338400892,0.07669069280994978,0.1467471552027713,0.039732122730180244,0.0028413153227530366,0.006318232533048451,0.29741888235705327,0.048887540131334936,0.05331510303931443,0.1368972867040213
0.21215601271649767,0.02999539013203549,0.03476213785607185,0.08754137028988261,0.14058177796554266,0.09224110020555183,0.01718952302161978,0.024404291489426574,0.09535401300930972,0.07767763387735045,0.08542693527145481,0.10266981416525668
8.169603601697053e-05,0.04923242608315231,0.006920702932635884,0.12001485246529758,0.26322052871610274,0.06546653124066815,0.01705035102298969,0.015136373399095451,0.26902592304902084,0.03386800761366211,0.04083492621249198,0.11914768122886613
0.08262380476795482,0.3864138687860416,0.019462110669076767,0.04513029864433245,0.08540053051659088,0.03799354005302666,0.20066260642991224,0.005626082439234687,0.0304173641679302,0.017936051009466648,0.029982900785494964,0.058350841730937984
0.10922355989424941,0.007101543920466069,0.10945401294776472,0.22344060688059034,0.19455280377983342,0.0759052331564365,0.02401915841543639,0.018395725258444448,0.04473986665889181,0.014470568640097213,0.08803913986129316,0.09065778058649655
0.10113219222332313,0.13293373594631883,0.0225889439626356,0.1158701778582388,0.12601110721437844,0.11349867018462816,0.10016250953539547,0.011107951474233164,0.03520959561759915,0.027203165142623716,0.10172686054903751,0.11255509029158808
0.08481122207063661,0.04097635373521607,0.08863936640536425,0.13312200625949144,0.20787860181156545,0.1423311104329403,0.03467111580829323,0.009916712088402028,0.10009573605856179,0.0390875231714099,0.033860383574052,0.08460986858406694
