0.06492639434719721,0.015699646045098176,0.10509861872961623,0.03884316646984908,0.05526991121393314,0.0004862777470611452,0.11490872842704947,0.15127734775158094,0.2730614422913438,0.11494348230356298,0.0018189121659828735,0.06366607250772481
1.3116345689007448e-31,0.09877388522233642,0.15890075122038028,0.0237520124060717,0.021508646118991333,0.13465725676665508,1.9502058344045965e-34,0.07253382727416491,0.3361565905854959,0.05029171438024588,0.09246913115909752,0.010956184866560921
0.04381148064436991,0.02984460470715756,0.026807963058553215,0.017943336640371635,0.05539313647646364,0.33698769026675524,0.05683986418311975,0.0902441135594202,0.2361780551356022,0.021728001804786033,0.06369083003751838,0.020530923485882143
0.03128447638274494,0.020641860743413218,0.02071118387254734,0.029969618088582152,0.03122141410744841,0.34175163316916995,0.03843409946613621,0.09426775580020462,0.24213602672414022,0.028466182897331358,0.03891793025848283,0.08219781848979855
0.015514699810248748,0.02025911967636182,0.055886119546638774,0.020901287354777285,0.03334126235852492,0.316793344451884,0.09964877454905434,0.05785175002700849,0.33166191697641095,1.8725794180674544e-49,0.008435877575366476,0.039705847673724315
0.1387295447149494,0.10431086870197297,0.04380459366893926,0.09711144756661762,0.07238623738118105,0.11730115319885255,0.15041191097794868,0.0761877714433779,0.05820481463062452,0.12172295120721909,3.0150280498100606e-14,0.019828706508286706
0.1063412851853409,0.008028819157294174,0.13483791470693274,0.06499437568325211,0.03477164151400419,0.15976553078204436,0.14634023503969046,0.047666225913540194,0.044547837624904475,0.11662319339009977,0.05628098506141948,0.07980195594147724
0.18157326006971553,0.010481838951627515,0.04266901323472972,0.0037711120127234847,0.06422995074513492,0.08624805194757539,0.10838412133893803,0.13070503313582943,0.07766100810642776,0.205443044644021,0.08883356581327732,5.138567254359558e-37
0.16207613496286713,0.013370255684983907,0.07660907137505982,0.004665792212100763,0.04918226604337366,0.0697651139363153,0.07248855563202894,0.1712056483691849,0.016106925954492785,0.261350163007813,0.07929681201412173,0.023883260807658215
0.1879083148680911,0.024277166773603635,0.09659576120604449,0.06830523643846693,0.08852297304807752,0.1216024003317798,0.15162446981367267,0.04160762238268308,0.05782953630149776,0.08859639771919274,0.030147428932792254,0.04298269218409801
6.28400116196602e-15,0.015590801671737462,0.10641040814149032,0.13806270732945464,0.04300768701959765,0.1113865883446728,0.05119214926984887,0.19577294482720667,0.048890581510600224,0.18611071674007298,0.04954644684496768,0.05402896830034443
0.11639102752325643,0.003878284115577056,0.0334886052500643,0.21339203902025375,0.04743841250108909,0.0665211444322811,0.06493075104976301,0.10670763616382771,0.04999027477666313,0.13324183175444676,0.04953434433709722,0.11448564907568039
0.17151482029341908,0.013075034898404836,0.04725300169447482,0.023736935916416808,0.04866814649283756,0.18809849665642725,0.08195235473742739,0.07255871477714022,0.07138878912711155,0.16924502341438313,0.07448686208142945,0.03802181991052796
0.014979493835766258,0.00023414083151685714,0.0018968654665686,0.37043942848567524,0.0029520555463466514,2.3112824850380865e-33,0.01324109698079942,0.010716549254781329,0.009065090542679058,0.02192683971377997,0.0054294924818588785,0.5491189468602279
0.014118766017987198,0.009620339600796715,0.03106530164390217,0.3642058801172045,0.04974470209478949,0.034762945929331164,0.12841796788034401,0.04297538908630519,0.044776827106668145,0.02230809049210554,0.005809035359922957,0.25219475467064284
0.08177903890195069,0.011303383133865964,0.1341417472578102,0.1611146275741388,0.11176086597694815,0.04291159876566762,0.06701659398946463,0.12023094109612403,0.05017847610514666,0.11960494082597166,2.395383126518191e-08,0.0999577624190803
0.18620399651872718,0.011064998543951985,0.07844525195518905,0.13535094243514267,0.037472800107210984,0.04779746770082789,0.0159202080594996,0.12705170160348428,0.034496148673915684,0.15902711884287205,0.0870447915708438,0.08012457398833488
0.11380170881035621,0.020304675949005146,0.02540580398726145,0.02395921187837179,0.061740999146987746,0.1364116434742221,0.19427808251124054,0.06362010526462009,0.08169951100432214,0.19775438731047695,0.05754569899078767,0.023478171672348204
0.1499150343650574,0.014861774489764753,0.059092304749063455,0.11231268521946118,0.0447561564770921,0.17318766454592185,0.05720635635416592,0.06214059830204321,0.061715032997469915,0.08321937188739767,0.06720012888198408,0.11439289173057847
0.12482032271467343,0.010016784893233767,0.018081797558823498,0.15660643544663233,0.09139479123430212,0.03887978813581952,0.04475989275022251,0.14463749051402425,0.1009183403238329,0.2030970461221016,0.06678731030633397,1.7780713309512223e-29
0.08381000128166617,0.015565786954459954,0.03192904705535273,0.028917917857653817,0.0955322920444848,0.1179946923050774,0.31012077080049505,0.12293748566629938,0.028747079723962947,0.095860085256651,0.05881460671871244,0.00977023433518427
0.04865679778361205,0.017440924273352653,0.07138264781745372,0.02698931718551582,0.07244082962609212,0.09141042551725878,0.07622336651805456,0.21300123936836832,0.04684324029610332,0.23323016959552414,0.09115247380435204,0.011228568214312479
0.13116134573354563,0.009760957536521842,0.0001989519899123996,0.314430041577838,0.037560673808896966,0.06298915938964793,0.0749917518794838,0.10904997947898389,0.03882468511552438,0.12907331671475922,0.06396982203232673,0.027989314742559168
0.10329045240206715,0.024736925760306294,0.047221839286659635,0.04877369543678874,0.04120631048231513,0.12214970899884248,0.09096473931117263,0.15875058448877172,0.05562739731713379,0.18623118367227653,0.09776004266969436,0.0232871201739716
0.09270773595846664,0.01378376540628761,0.10512805050866408,0.03464689926955478,0.10646760900171862,0.05905005616203378,0.13604786260707255,0.09701301009470206,0.08963999167149876,0.19116790866465477,0.06513399083652169,0.009213119818824762
0.06181839444021564,0.011359586787842501,0.05777496029055547,0.052937815320042395,0.05359820901767856,0.10049529617939433,0.10055414779801083,0.1850389847673001,0.038075165559668764,0.2783056181236088,0.04821837775686589,0.011823443958816583
0.10069263046169655,0.022196785228140527,0.06112038608671011,0.028111529752648683,0.030304299185533075,0.10723543592922992,0.07832635610216424,0.17097425101846314,0.039917202936858784,0.2024522431044727,0.11080395530117866,0.04786492489290357
8.132347202696857e-12,0.05479941174664829,0.1143680320198562,0.020396365267782116,0.13128380725512645,0.044112629557006476,3.750004426023903e-08,0.027730439649003177,1.747232729492534e-06,5.3905367477572845e-46,0.6073075297636711,4.190331654393083e-83
0.19240139294697803,0.020855054541918577,0.07014099930291552,0.045871575106289926,0.004664951793932663,0.04203183130204447,0.12944702982942383,0.19034554630999564,0.031244920961722617,0.15161036081005175,0.1179116988666637,0.003474638228063363
0.11316164539953175,0.022517421925245345,0.01789392120335163,0.014886924128022425,0.05320070980046482,0.3111296778072565,0.04230901825656037,0.09482407257780782,0.163552098857747,0.08999582854861596,0.05621829984386881,0.0203103816515277
0.09145676073592374,0.018456645858716474,0.10147692408939116,0.23155273506693624,0.041376515708342304,0.06907572362446898,0.13374845414046652,0.06420088296821805,2.5285624514678562e-23,0.10825560702620048,0.05436167778242695,0.08603807299890913
0.16746123255857193,0.013077505940590792,0.10586753586856634,0.10725702828274425,0.029959059147325676,0.11560331283607032,0.09303088643803423,0.026616352234392304,1.1486552536110036e-21,0.17542043447494962,0.07823215170118973,0.0874745005175649
0.12026277310430764,0.013419149215677441,0.03363267262873014,3.944176073599138e-24,0.021912160437677384,1.0751112837201534e-06,0.09486951023318603,0.18849107664638337,0.21051076499772278,0.1677748616983153,0.14912595592671615,1.092635223992741e-23
0.01735106222901731,0.002686475396346362,0.01949894845213591,0.2556744739847152,0.015201119677506834,0.014948857196166013,0.03821046966100636,0.015060191066566204,0.017382633726097763,0.029862186104172107,0.010821248315346057,0.5633023341909241
0.12749425526459462,0.015411803413599939,0.11110377993495929,0.016791023706158346,0.1072355678881085,0.06830795216272562,0.04827004814171624,0.17353629506512397,0.08179464118302658,0.18418703940617498,0.0398602209553876,0.02600737287842434
0.05461967403712655,0.010098624389256768,0.07258574865380615,0.03325017463070955,0.09094433344833362,0.05744375303301579,0.17915396403001826,0.18337085947902115,0.029147100198405093,0.24149693996284952,0.04788882813745768,5.004193633095054e-177
0.16848038415346833,0.00760206603749913,0.056952077352609626,0.033701188898775526,0.10925465311889394,0.06269468918924302,0.1626411334731367,0.1229188398787876,0.004029718038013284,0.19775060585939877,0.057997538741814014,0.01597710525836018
0.022958697760751653,0.005757021522815509,0.00924138481115781,0.2868895942784471,0.013925502503075234,0.0698043246016641,0.04382043520398524,0.0021023197095376782,0.030919414898123936,0.007827330128240183,0.014185491848922125,0.4925684827332793
0.24077093978594233,0.016866211279318716,0.07315271572422892,0.0580327206114385,0.03741863737010193,0.02935102885781978,0.08688916512618469,0.11180175319341706,0.04835149990788073,0.18448732603072468,0.09365472286481263,0.019223279248130113
0.14460597624642998,0.021214527792434535,0.044934239083611285,0.04369852800182655,0.073811454573344,0.03539905268426356,0.09783612626728865,0.21981322339524917,0.10220660515996362,0.11660188966754448,0.09643836362365572,0.0034400135043884945
0.20200373394704696,0.031934002328221404,0.08530518745769892,7.393288766311884e-16,0.051761450756714476,0.13358062269984333,0.08471244209826477,0.13047084284874796,0.026302566336136386,0.14211212894869796,0.09532443771012318,0.01649258486850389
0.1335221372851607,0.024346260415972983,0.06274804520358358,0.06467050422664891,0.03524078109841161,4.703189818353218e-08,0.10112048815976757,0.13143286891403277,0.11706280660788337,0.2003932212916057,0.0670388402843001,0.06242399948073452
0.11025123829363008,0.023677971214246328,0.017915025061371215,0.034483331868346075,0.05640080276293922,0.1199543901778383,0.04361260495589916,0.25010596208902913,0.07369804661673243,0.19122567992884743,0.06555053988327035,0.013124407147850313
0.156434727132715,0.009744999225364382,0.06309707662756385,0.15793082030274927,0.05301326151631579,0.08556930249516786,0.04022023818957619,0.08696999434418282,0.06702499111395632,0.16542141591591814,0.06617070583900098,0.04840246729748952
0.21105166614459717,0.016866886776892975,0.062397539356584875,0.02063948125020496,0.04645752612120407,0.1747809053737098,0.10682351156884315,0.07790948535075125,0.02048879078339636,0.165968102846947,0.05487420464800714,0.041741899778861384
0.15320807156931152,0.02865251975867914,1.5186742792223193e-20,1.0430145178921448e-56,0.015282716581724861,0.08209275451537561,0.09152572413957576,0.281745177249446,0.042900273001182154,0.17680976037363832,0.11907969920944919,0.008703303601617363
0.1151399026410138,0.01827378527917522,0.061125399225264436,0.02741651016038301,0.05642251976814715,0.04381783501232205,0.04504423534745768,0.31354008189403715,0.08661773861858099,0.10720724783139206,0.11792868611391603,0.007466058108310396
0.021452813105966334,0.01508570227025719,0.06730711206166003,0.03458750764861123,0.12496392173690182,0.08757609317162127,0.3624997884009256,0.09273251236575299,0.03290940171612533,0.13344535722286524,0.006015160486389519,0.021424629812923316
0.05933348879977356,0.01474666411042288,5.947571460478443e-09,0.02568114559495334,0.026391774201547792,0.059972058751436574,0.09696017145996716,0.18133120387980364,0.0805334209164878,0.3886746047365942,0.05146351655987012,0.014911945041571546
0.1019822619437919,0.09433558426950527,0.04057134231241699,0.034949060453655374,0.08593118816836257,0.12743905695930377,0.14877533947136515,0.11928423664676846,0.05523610995278841,0.1420429680854279,0.04099314423633638,0.00845970750027788
0.08192746763275756,0.01564562138331985,0.046252875352556407,0.04016812117038874,0.07349914059399935,0.08282877251520518,0.1313084519736317,0.18486918039324327,0.07153333338973793,0.17990799413844857,0.07157008309950204,0.020488958357209174
0.12109940380675263,0.020862516120958987,0.016509302048347035,0.05151945997558534,0.06191426658703116,0.16341238305932082,0.21229448505068485,0.08111677093505039,0.03618921068958322,0.13056818450876415,0.0456894116017222,0.05882460561619907
0.1299049693130844,0.01873113546992433,0.13025997764918884,0.013537552916248415,0.011785896212267964,0.1826813620635649,0.05564181060025222,0.09267816568329548,0.10219627059947672,0.17638928449896246,0.07434156148963315,0.011852013504101214
0.14482173835427467,0.013368009929344091,0.06595855701951446,0.06626579953613804,0.04801430200770062,0.08984039265392038,0.14284873972224713,0.08799398916090935,0.01674278362621856,0.21590819409705045,0.08324261326372812,0.024994880628954115
0.14666284310342045,0.008996847586306055,0.0865821747309511,0.03961130243568361,0.08938472731141636,0.03608916523592824,0.06489570032277599,0.21701625213498899,0.05046523833995436,0.17554554431867658,0.071238379281299,0.013511825198599187
0.08561723052121721,0.012343753530740619,0.12283475230405952,0.031375203860392525,0.07490093421856661,0.06313692774435073,0.10413700604805833,0.15741302305022703,0.08415617188939067,0.20573580476640807,0.0269713730395359,0.031377819027052875
0.06336369585661547,0.008524123666292314,0.02744037984063553,0.19438927738138775,0.019276533681408296,0.043943340183516144,0.09042504489786693,0.03155284198320813,0.05290295677047381,0.0696618628309168,0.02597383212812824,0.3725461107795506
0.0027167666189704858,0.012607124562209016,0.03956804724402587,0.19643296685810732,0.03410984749600013,0.0791633852314231,0.04243430729303819,0.07000872715154323,0.10208047835916258,0.056410166126226,0.018182612015306365,0.34628557104398777
0.12122568496495346,0.01176078128150033,0.09694331155477875,0.027973553031274787,0.10398509404095231,0.11456354065782745,0.10165225320952806,0.14806104321717262,0.009418945860385282,0.1672821731854596,0.09310242213389082,0.004031196862276517
0.04086238753652758,0.019845842193571966,0.1289255831653082,0.057510720433009706,0.06706951568126648,0.14952859402347854,0.27047883298611286,0.07568608652709492,3.179907910572708e-31,0.10665826035042053,0.023000758041870708,0.0604334190613384
0.0960882462764004,0.01994549905438534,0.03666375045794364,0.048728627211178425,0.03428735092468602,0.25140453683208214,0.06370241091402473,0.0719387373671765,0.17768172748122243,0.0332774764161235,0.03371180150342537,0.13256983556135135
0.16867377555089405,0.02158998492793781,0.06962605182771209,0.019260063445690558,0.03697798623801745,0.1818143831371303,0.08128380036018469,0.1031043558631018,0.09528042798123613,0.13175834848163323,0.07377135513004257,0.016859467056419417
0.08962542588113352,0.025073296269568324,0.022021181448844993,0.006154854200842732,0.08089279585163472,0.06414505272415766,0.09650822154879646,0.24865494013132974,0.0913160335645701,0.19091511184035823,0.07633195853036007,0.008361128008403485
0.11621054327549536,0.011396535573964946,0.09100273635471079,0.06397379665952847,0.07705008605302302,0.2058503360650976,0.17366036118768235,0.041886947978404185,0.051225807993647905,0.07046939801853853,0.04678807006839137,0.05048538077151549
0.05654193306213722,0.029063662111491535,0.009252897117497457,0.019824698615110298,0.029679771901016422,0.2923588404253456,0.07561771247999018,0.04304696552965727,0.3413518793887786,0.04087356026147021,0.03028084907215541,0.03210723003534983
2.9478013701041083e-19,0.01930917298307666,0.07471849361205574,7.99907148100013e-102,0.010498311654351177,0.17586594409589573,4.6796382225810905e-15,1.7811790622905778e-23,0.360650146042217,0.03292684269790981,0.05132574465378189,0.2747053442607073
0.1279404586241294,0.030877872696170382,0.052373055721978846,0.018888215605857975,0.0002568416742277034,0.23136428999513373,0.03079128072326374,0.0013916423673523332,0.31110789932113747,0.039350525649510894,0.03690816982455672,0.11874974779668071
0.0663439423196338,0.02009510328592442,0.040878245670157534,0.018619279446008045,0.08438262448909811,0.0765740665967763,0.22062707873571158,0.0696519708237202,0.16182861039067867,0.17829973823762182,0.04764954651222335,0.015049793492446248
0.146342887759016,0.09547348355975396,0.06638958511823742,0.03577221746637539,0.05997440165588957,0.08252814229365178,0.06965264833245377,0.10310695943478614,0.1900197433911859,0.09646090949799112,0.04858453683367137,0.005694484656987603
0.049819248544261,0.024880300035384873,0.05987374162104006,0.018756924003748805,0.026398164566389312,0.15081215214572355,0.058411747675360254,0.09297329336186494,0.38857426987410554,0.06650942657963317,0.014029379881177018,0.04896135171131154
0.00909505866717641,0.010586516281247467,0.051374736639391134,0.14170836959444488,0.03765868495143908,0.03931468888181534,0.07962959922462043,0.24923873463856724,0.10523652309193603,0.2247867164586805,0.03895401636544268,0.012416355205238783
0.05673250215056999,0.02217687906029412,0.03174847759570323,3.6334161465220803e-09,2.3109489621249557e-23,0.2282626152282655,0.03284846768445775,0.05295673149894518,0.28722533730642996,0.043468360061892954,0.015119373896534453,0.22946125188349073
0.02053873759621723,0.009147480834625608,0.03616798201224594,0.04969988276869402,0.1068350607491771,0.05633621197173166,0.3757336843568738,0.08514169624075048,0.044953727558558455,0.16572384004665516,0.04741293837159676,0.002308757492873881
0.135374827261724,0.027203403316798346,0.1444375482746631,0.08439394472107803,0.09294536535272573,0.0696748870495695,0.0837363357236358,0.14357805640098897,0.08124805607539987,0.05874860119444603,0.059481378667126175,0.019177595961844422
0.12335375440661005,0.021592681797756655,0.07799186820548824,0.0870890015294481,0.09059554550065202,0.05017586746415806,0.10964384988596404,0.17032697098467883,0.023527999117191483,0.14261737864414967,0.07507108927745347,0.028013993186449537
0.05269609686606877,0.028508061617191122,0.09608539933554774,0.04963244061518434,0.050401819679133514,0.0006448570693043613,0.06422924302688067,0.26561859603097315,0.189911548879112,0.1108043355476454,0.06265982683621699,0.028807774496741944
0.1075088482320824,0.02299951021845868,0.10042324155657384,0.05270063764672614,0.05099812943793651,0.0319924867928154,0.04759037545454903,0.20305884199629903,0.10233516860616991,0.11146532382428932,0.08560803131284792,0.08331940492125184
0.017965444710334323,0.006363228836155844,0.16965243768548618,0.03025680937802322,0.1284475206654267,0.00830511530647513,0.10220634531467548,0.34112423528102326,0.06664664152204341,0.1264599205958077,0.0025723007045488472,6.3940713360696946e-257
0.1532376255778491,0.017695381470006225,0.07236163634811452,0.043311384851877056,0.05566705836252188,0.08504387924096168,0.07687475182739135,0.11690026323199225,0.05178558862952342,0.24419388112640508,0.0631524098923191,0.019776139441038343
0.1372751211638844,0.00843272128160135,0.036380001636383656,0.10457734835610866,0.028408212633055575,0.07575748989648333,0.0822564525179185,0.143752923400057,0.034832544601322964,0.08602772136554021,0.0785784040164454,0.18372105913119885
0.14905137946296615,0.022957239450422343,0.029243830631233297,0.018499718483708724,0.05729070041464852,0.07067790848964726,0.09227557814183372,0.20071785517878746,0.11799925426409019,0.15941756336062532,0.05480201774342731,0.027066954378609724
0.040085849763216726,0.016791625247663564,0.1445150210206877,0.017429614790188955,0.10860159562636147,0.05474988962845057,0.031955398650935996,0.2119399799503285,0.1694875809486094,0.15670328945255865,0.039102870157742144,0.008637284763256235
0.036421812187888994,0.012207033815024929,0.05857189734256412,0.07304164561876711,0.01927303799000839,0.03534218170655745,1.602369061028682e-11,0.07429446648009508,0.165848516457757,0.09550021280104111,0.02816880564903714,0.40133038993523484
0.04538255846197299,0.020804012986152285,0.11569033564558615,0.12592203391911905,0.051150081879521456,0.0916607689523024,0.04331594096098981,0.09060321098454065,0.110601811381004,0.1024999689095041,0.0638004367547949,0.13856883916451215
0.12112935101715597,0.027418848084205673,0.08171485237954358,0.03759867732247787,0.05322057073433753,0.09584590778827287,0.12993413381818555,0.12867482447126302,0.08680526649667956,0.14076109889331298,0.05028387031818656,0.04661259867637885
0.07322355037801109,0.010046528608238889,0.016047190416074147,0.19363791464594773,0.06067564919303489,0.09787859612965874,0.2837090961621039,0.06463777501360049,0.061472354407439755,0.033188625809635636,1.080617348549272e-10,0.10548271912819301
0.022583353394284227,0.015823697688469317,0.11443805887211303,0.07762747340203115,0.10946526862956167,0.05595407530846743,0.14067619419699884,0.08680459326572892,0.06906645270598377,0.13039825072779004,0.048168503524618246,0.12899407828395337
0.052578083623384946,0.01610317187795451,0.07630269764906394,0.05636146684798151,0.07771638245621348,0.005407185324292368,0.07910196103626203,0.13336183981413174,0.20932371061821112,0.21881933759166622,0.009200203702494143,0.06572395945834399
0.08420464404715701,0.014554849984515858,0.012119086401133688,0.1517149666918274,0.06838292938636684,0.051955522393500306,0.16715590709709077,0.09702542038249273,0.05591537027181816,0.20528475587334952,0.032023940356564966,0.05966260711418282
0.05328619420000881,0.04345464286661318,0.042736923420280105,0.020194581225709673,0.033457843317569694,0.2537211392666071,0.03657980333908376,0.047970180086755354,0.32508210996422837,0.04222065175188412,0.008514851256403074,0.09278107930485677
0.5278172525155406,0.022102216152616583,0.011458536367981146,0.01927097796921263,0.11187686613817267,0.040043850113432165,1.3456265138812803e-63,4.962351079173429e-15,0.19705449136213135,0.024074450520686692,1.1223808452139725e-52,0.046301358860221103
0.09428455869045226,0.02192125565287511,0.08360426813082754,0.019204497911560904,0.04005444383694355,0.11355653870400673,0.15645651879500785,0.07725668243483717,0.1981311582123741,0.07970510975900603,0.035903600072634254,0.0799213677994744
0.026200647370348638,0.018080173039125354,0.021977806202084154,0.07402191396388891,0.027185563637866433,0.14423619276314828,0.024815746554800004,0.046373024722865086,0.2079670391292027,0.02577246160911413,0.010052199159314459,0.3733172318482418
0.09425434125181727,0.013784979023145821,0.10831980866136123,0.058422199968892884,0.08746158909922142,0.10072891459657345,0.12857433156979284,0.11119180186830553,0.01850485287934492,0.16678571015830435,0.10764912100332066,0.004322349919919617
0.07074823321083623,0.0176399669511005,0.15180946199907913,0.02525974860061447,0.10740030312220496,0.08377794404929712,0.08323666256627713,0.1386388172617671,0.046905713825350207,0.25288412988141773,0.021699018532055532,6.276924542069936e-33
0.16136358262310113,0.014620295445622678,0.021129569645151242,0.14703093404666479,0.06346108604746975,0.11768697178229198,0.06827242889021864,0.101217227874082,0.0657929983722793,0.17494074945465318,0.06324748206372537,0.001236673754739907
0.08220143302187927,0.015550372504343322,0.02067206519690645,0.32056871088854355,0.007611406031178583,0.09139283605809823,0.06581770645779507,0.033815329228754826,0.01544433004681582,0.10659499015684433,0.054675117924533015,0.18565570248430768
0.1460128973078632,0.018667706619470967,0.057599131125557784,0.010285608132907638,0.07305877580949682,0.0795161122152686,0.05915171882009466,0.18502952373083126,0.03014860082892487,0.24962023368801006,0.08171520066659456,0.009194491054979567
0.04149604253152771,0.03730860743720405,0.07223075870656474,0.01533080035791167,2.3823925899632807e-16,0.23363055231912652,0.07603332904839077,0.026557530124899312,0.3713799384600893,0.02971797637862997,0.07289693267600386,0.023417531959652054
0.11129937113241363,0.03369861193227102,0.07858218399431993,0.014251013253671434,0.049294269191318914,0.02524705969132175,0.09530874053548068,0.1538207999843785,0.16264486467985234,0.1445275052845949,0.11679161925286687,0.0145339610675101
0.13937268646560136,0.016392110857532692,0.06901560766924048,0.02477815326259616,0.08658461174507588,0.07883834314921914,0.07950618235913769,0.20072203994929888,2.395214120730856e-11,0.21600163953737292,0.07625773091021501,0.012530894070757715
0.06961319117147038,0.016566037636574427,0.04326502405714893,0.13208487124795948,0.03541380969390919,0.06316144111445572,0.0388056457439235,0.05112029090523784,0.09173248634774513,0.1262801174485312,0.020214784231401585,0.3117423004016424
6.408575288057864e-17,0.012952404378202957,0.14999643417552896,0.08059972012885021,0.06071191161506656,0.002327963525605843,0.0399603390906192,0.2721211497411514,0.13631562250735652,0.19582246470014372,0.034510498928144284,0.014681491209330226
0.10509581521573554,0.021007762701563567,0.03058603302099377,0.018086687293853113,0.03269402511375628,0.0767554763747722,0.04771803202142827,0.19548426544873915,0.13777235992818992,0.21224902370472398,0.10691379795050737,0.01563672122573688
0.07953889144140636,0.015467206802839941,0.04086715546958729,0.053009592205892256,0.0705824470611673,0.06056561840193209,0.19647817278628002,0.15601654592505698,0.11253570775718737,0.17579608042944814,0.03070908479305573,0.00843349692614681
0.12222373594572054,0.02232769799745638,0.07907155904913445,0.02593943985229827,0.07575712220935853,0.17555754515743993,0.11389615634690556,0.07256146665180634,0.0541634328044071,0.19671438787307888,0.02255054149231783,0.039236914620076176
0.033081333265829946,0.009418173252500413,0.024310083974668963,0.11997576471396958,0.014091446293321902,0.04441666974532277,0.07242187998407548,0.009258207926172463,0.10698286281371965,0.012630867017198228,4.606847151332288e-11,0.553412710967152
0.13262318872193854,0.03054447980294664,0.09039977910262513,0.05398474007159662,0.032865071271986464,0.08603572330342171,0.04150919596947708,0.20007377030933018,0.02202111009342823,0.2093202321921538,0.1006227091610955,1.934436874890525e-30
0.10289189921257046,0.00902797802993955,0.05350826091015519,3.689430208059761e-22,0.08887897488855759,0.05897441637277486,0.12349616449165103,0.19856570927598044,0.05586308027133806,0.1811977974558837,0.1081445411951392,0.019451177896009947
0.1233088722350066,0.029572346280184774,0.0537829055636679,0.030346976419763746,0.05850803794096656,0.014711482330112914,0.0721096217640853,0.22534193944463185,0.12557437019367632,0.14271923768462816,0.09035862864517155,0.03366558149810429
0.13853973231986225,0.029949900437345352,0.08268215453663812,0.00744293145102826,0.058223321159610465,0.08605159109614106,0.15857361321314242,0.07861581653605579,0.18986689794038766,0.10144921401816748,0.01776921993889219,0.050835607352728886
0.04310975526790633,0.022260908859731695,0.11185412725126147,0.0885367274616687,0.09796817937603852,0.015662801722372156,0.15538324946373167,0.13346053745652842,0.097268171557308,0.11808560719760268,0.011976476100520116,0.1044334582853302
0.005765920197978227,0.0005506166468361535,0.002684260036379304,0.3918656311166224,2.622765651016473e-10,0.008350186096305641,0.03958411513389163,6.442383703038914e-20,0.010262246891957993,4.815422300654227e-27,7.880250068247285e-45,0.5409370236177522
0.13481042577187102,0.02323643639505179,1.7422828829589957e-11,3.406434586140525e-11,3.5524178890359834e-15,0.13998480908160846,0.10188185568046573,0.20020449176176336,0.08932853143799258,0.17354838538772951,0.08858206546776437,0.04842299896426238
0.11624915259731097,0.013824520480858936,0.11503359817481697,0.03221560350460038,0.0995013587755234,0.12447932643624135,0.24310584914222297,0.060379444470555155,0.03140551787400429,0.11889880503046331,0.023746046893892606,0.021160776619509714
0.13478041108885963,0.023187663857498673,0.06782505779911296,0.06176610835030326,0.0688147262897772,0.1284609004564012,0.09532269647415968,0.05077415232969556,0.012024410934903787,0.15925204086196784,0.10600410746631232,0.09178772409100808
0.043924714785154736,0.02166448200966465,0.029579444797882787,0.16508909709668926,0.04200377132811236,0.05149592539453881,0.006227366715971061,0.0939692979256245,0.03379661231422501,0.14668564961751301,0.07440358015175196,0.291160057862872
0.006880568732411528,0.005487717851963358,0.04992488741479751,0.22312218680414725,0.015966440979227003,0.040352694785649554,0.005204614795179402,0.06829470525296516,0.06602924932422581,0.0647009766604395,0.021894574943575072,0.43214138245541883
0.10159792979213268,0.01926945785396194,0.07953486241033131,0.10775987338567176,0.02735119394227799,0.01189074807131055,0.07566365220720811,0.18736914832263454,0.08930753873590443,0.1681609861216446,0.09258550653562211,0.03950910262129999
0.10401279602907498,0.013906902450870617,0.0840365352351717,0.0329886838442189,0.07483413223090211,0.06970711717353716,0.003977313762029477,0.2553593269862034,0.08377793740810018,0.2059272379939676,0.06539198135058982,0.006080035535334122
0.1960901652166655,0.01584222902169993,0.1320269738616578,0.009771738562953979,0.043252144799823186,0.15764086724240411,0.1308003930671963,3.568043540714328e-08,6.307060938985786e-17,0.17939480462161347,0.10709409971380895,0.028086548211741336
0.02959978174184225,0.008078549672355363,0.09982985921397865,0.02879861196405093,0.10234341451993315,0.11588261531895928,0.2870342975959271,0.07874522483762478,0.11854142587894248,0.1310969185183448,4.930073804125214e-05,6.177375826947025e-107
0.11391561914973822,0.009566962753175362,0.018894463082588957,0.3454944114755084,0.008685861242717727,0.03070349289412014,0.0632155006907509,0.07650862265607783,0.051661499125956835,0.10035303604704589,0.061118612304048074,0.11988191857827167
0.04949162422127234,0.2325245094957745,0.031564313279499635,0.054358414015567964,0.08374571608178125,0.198851090272945,0.15344745990101408,0.07976930621004075,0.00010467230548072081,0.0802257615509228,0.01027782903419123,0.02563930363150967
0.0420912200295979,0.020378115669601,0.12710300276791986,0.019355365532185472,0.12109344716455189,0.07957594146745436,0.018824758127183823,0.20144925052931853,0.09596340878965672,0.21770590209790205,0.029020189746036935,0.027439398078591293
0.042472105895355376,0.03290297743132875,0.07908998278131348,0.013177049447476389,0.009575607389495158,0.2393933972496303,3.088839733320111e-07,0.0012121486347236572,0.4100798291727576,0.045678146304479667,0.06710087497401897,0.05931757183544719
0.06236457420545586,0.017210236384051364,0.012224252808377547,0.16701912570518998,0.10439282190671818,0.028769226363676143,0.06357389787780456,0.18938373975497624,0.06593533028971023,0.1746840280937192,0.0756377486073168,0.03880501800300378
0.10308526058930655,0.016414759482327176,0.039875988515648636,0.13895906646702133,0.036642607260516775,0.13992163823734516,0.07440917727719876,0.07370788330758965,0.05256529261600604,0.10606151798059898,0.03094565617674242,0.18741115208969855
0.16109706794429035,0.01520599195033273,0.10237032999429135,0.057204895601911984,0.03104693179010039,0.09956902120921327,0.17484495621858231,0.10400616814324405,1.5201786768862402e-07,0.0997135130347246,0.11270758839183162,0.042233383703609656
0.18359081806224478,0.06639422077454188,0.05543675388807261,0.027781604882948275,0.07186425278230683,0.14289798758619038,0.12112633320224622,0.10043893774446969,0.01747856389495108,0.12355838791026298,0.07687656980359113,0.012555569468174037
0.020451173174097247,0.004097451313536694,0.02637159414930187,0.25030943319828375,0.02625410602110568,0.0430937008384017,0.012067305980213557,0.04749567364491172,0.04113474637831892,0.05004459009048714,0.0007195464125412061,0.47796067879880055
0.1421022118178076,0.021077619158464577,0.16134472588704035,0.0002420779043018714,0.01510749906752166,0.11194305275130029,0.08401301857358011,0.07618097920164174,0.037325086569037574,0.15585258702406407,0.17042388499171954,0.024387257053520496
0.1121095425219977,0.012999022976197833,0.06181409182849134,0.03887118543272743,0.07311553855902712,0.07834731934543225,0.018143510163531655,0.25073472726726836,0.04846765000510686,0.18509085432164232,0.10494721875421846,0.015359338824358809
0.1046522605781677,0.022715756372284675,9.321509101764708e-10,0.015312578162941966,0.0771592160453657,0.05599392058275057,0.12080630706537655,0.22869000975508258,0.10361813207784994,0.16270037314776978,0.08676769761386362,0.021583747666395904
0.07721493151465066,0.022300616055965526,0.1203054746580469,0.2133792518216321,0.018862659575487717,0.04413709478750819,0.08457852854715968,0.05843645197742783,0.04176573021048896,0.14925509294657793,0.05192434700428838,0.117839820900766
0.21748819263051355,0.025584706456238792,0.09354335647632102,0.006346817593832716,0.018704332092213734,0.08692419486565897,0.05023848216525108,0.17531118799996584,0.08109704131151652,0.11231348404462585,0.12862594191306026,0.00382226245080177
0.05990356063246793,0.02059717335472275,0.041064250789637914,0.03836126670809771,0.04178268671465559,0.3143428938641211,0.026050332989292588,0.11200846263293913,0.10342682018656635,0.07457078967562655,0.04486118517152121,0.12303057728035117
0.18856523247864665,0.01510855898806304,0.05625570744617179,0.03234298226965256,0.07429118819194547,1.2599918936982585e-24,0.13315932658685103,0.2638111369961951,0.04606753339945705,0.10795590150150629,0.06844798541839366,0.013994446723117558
0.13288023367878254,0.02827620527638054,0.07265238536533213,0.02284336458188494,0.0070000543115669245,0.08940205079929583,0.10235822643002328,0.23171868902016005,9.540727050107235e-19,0.18992506724478903,0.11234949959435236,0.010594223697432374
0.08255021730367018,0.02825872352591759,0.07254114203085311,0.04761756644028003,0.0325482808318444,0.18595587963614418,0.04526605633038276,0.18565669178182456,0.021070795299901864,0.21528444543266256,0.07626888843227224,0.006981312954246538
0.09189461138921731,0.02375517673934668,0.1424684959677847,0.04129690252828853,0.027605116288522767,0.19080282442070903,0.06783438578069342,0.08051356020677812,0.09206698704918659,0.09095389387663315,0.08168180098736558,0.06912624476547419
0.16195211016946331,0.01031050642676831,0.009525732740699792,0.024145029154559055,0.07446687723921366,0.10728802089844211,0.5213356460322213,0.014915950971470315,0.01740763468548412,0.030354350750639938,0.010646345295070591,0.0176517956359676
0.0736506988920456,0.014078992451558654,0.018604136849400654,0.3862315760755024,0.017818475314731855,0.03770032296188489,0.02537648363568078,0.08094199180464588,0.005027649630065006,0.0730108648635619,0.03200613973229492,0.2355526677886274
0.1366359994444889,0.019096973788837256,0.04814988579538103,0.09709040487333262,0.07984014165862875,0.09815793079809983,0.11003118722165015,0.16967344138058324,0.055310478941852995,0.13154988846190932,0.029503675763763348,0.024959991871472697
0.17264794814663967,0.014397710951902757,0.12152943642446985,0.0068969691429603165,0.057729571161484645,0.05664511723173043,0.040543517642355746,0.12634786829747952,0.015304274372556378,0.25009393967247145,0.12890471936346845,0.008958927592480757
0.0903916778010723,0.02448140250815655,0.0801023134164229,0.04912258699215621,0.04667991203182595,0.06963700095282783,0.25169272433337425,0.13365630745188392,0.05953734097455859,0.13829200753930507,0.04222814520359878,0.014178580794817685
0.18486681339858063,0.026322721394031894,0.03576872134554601,0.02647182468346771,0.020121459916228816,0.2612851974678264,0.061200293835014914,0.04170641397761717,0.20018697200867663,0.012499783307258164,0.024707071798960433,0.10486272686679124
0.27136070850676647,0.033707244216409554,0.06805039909375718,1.738712471105516e-16,0.06880758302373018,0.09633936420636428,0.07898030206810337,0.11664697302955647,0.0032946699505038536,0.13414006870513895,0.11509579253056011,0.013576894669109415
0.07533222926809377,0.008372522504095491,0.04540190953929038,0.3200912157638928,0.021951229618617573,0.07106500004544684,0.023283552368339497,0.10660765556490227,0.014098008924837467,0.1405069797265763,0.0647241322561818,0.10856556441972595
0.10782759290365923,0.017997201191557403,0.05813249933346952,0.054661625429271624,0.01714202697130826,0.12532750355436542,0.08316396338116776,0.12658396317913437,0.039447216447597654,0.20060105295717512,0.10535701938027345,0.06375833527102034
0.04290196323778254,0.0257061982827268,0.14141952290023993,0.03932563053350869,0.10577659256177196,0.1207511532434357,0.1302778405555757,0.08187511894279888,0.11225579948056233,0.1140039345767226,0.02656001869694133,0.059146226987933405
0.17023505656303323,0.01452331404969312,0.028397741007797957,0.04143259385461613,0.021820410996410966,5.358317379471436e-27,0.20621237772594816,0.16275298514003916,0.10107656050778023,0.17267964294700397,0.08086931720767701,2.0493354016572546e-22
0.143544088982508,0.029722368340821818,0.01894955313467039,0.01713021581638354,0.031836356057738054,0.27482703655348545,0.08874199488049088,0.09670028485568753,0.13860973980201982,0.05288037981817695,0.07206207427170154,0.034995907486316105
0.13142299801476592,0.019152485093293512,0.1054750696718018,0.02372497337443594,0.03384935770044933,0.11485673611810455,0.08870418959370957,0.20536711258940132,0.023976803388892992,0.14879698997185783,0.09938322300602158,0.005290061477265723
0.18660184603566374,0.015961951650440932,0.06253236321822485,0.015538298691823644,0.06476914387417257,0.04433605302736577,0.09635636878630036,0.1878014988059959,0.020035890786815554,0.1569424540369835,0.11916895431913867,0.02995517676707444
0.021860018952047283,0.024703215014146594,0.07306592082364387,0.20539422470637295,0.025433322910705623,0.08986030299447076,0.04898839932154997,0.028388606609175658,0.13296308762171524,0.058242982438233996,0.04617179421863092,0.244928124389307
0.08941032709396583,0.020863969096310157,0.05474447994747599,0.0466967912548103,0.0784701012826885,0.1588149873810608,0.08847729789969778,0.1369201550239976,0.10364956509380407,0.13593281469992707,0.02653015715195697,0.05948935407430495
0.05450446533524932,0.025801313250023127,0.020831665096032143,0.012769343693507943,0.07135624208095022,0.04351754284171663,0.18259713352589396,0.1754291493830998,0.13563120696030187,0.22548334813334608,0.04332255386548215,0.008756035834396643
0.15654072285736853,0.006774700828156737,0.03180799292591419,0.06983557727674465,0.0872266495924225,0.03757477126224282,0.3432091195586244,0.10547544674304382,0.04448294033000702,0.07923291253273713,0.03605450964876544,0.0017846564439727285
0.06550559388719339,0.02247552521380236,0.07614029069318978,0.039616173754278255,0.11193055542829182,0.02295106057061199,0.12362237639504262,0.20491529088476568,0.0481394267806912,0.2048019688247229,0.0653159034420099,0.01458583412540005
0.12506728099964862,0.0168178638712612,2.23337941898458e-25,0.043542192518063266,0.07044588029269036,0.024260571665275243,0.3191056846038966,0.14823913545604905,0.04085241111567161,0.15123807856161228,0.04201136406623655,0.018419536849595106
0.05978635817844235,0.005458745994167034,0.030663857892440975,0.36834795132130216,0.02766852139987327,0.01946781702995204,0.036261828405893544,0.06748436106253396,0.01397764543988115,0.11259614501457878,0.030357393498083255,0.22792937476285127
0.11384857636648243,0.019417349855767336,0.07904366872794491,0.004569240426450065,0.02152979632283175,0.06435831416995304,0.04771896219644898,0.17317917661421253,0.13870919582916488,0.22398413805913264,0.09791903027704044,0.015722551154570965
0.13475666868244177,0.011411350037705164,0.03842559713175481,0.12370995956078888,0.04565339259018027,0.06405383770900763,0.03623862502261594,0.15776284951471437,0.023529507357095195,0.1546805870229675,0.10504379623540723,0.1047338291353213
0.06929302233725991,0.011622420130480697,0.030313229569614117,0.04255770286686095,0.049592389143715505,0.10932645273998842,0.12143618344394666,0.17554751284783887,0.11701843222011424,0.20704182231105156,0.03708385446745183,0.0291669779216774
